root : [ 201 , 202 , 203 , 204 , 205 , 206  ]
201 : [ 211 , 221 , 231 , 241 , 251 , 261 , 271  ]
202 : [ 212 , 222 , 232 , 242 , 252 , 262 , 272 , 282  ]
203 : [ 213 , 223 , 233 , 243 , 253  ]
204 : [ 214 , 224 , 234 , 244 , 254 , 264 , 274  ]
205 : [ 215 , 225 , 235 , 245 , 255 , 265  ]
206 : [ 216 , 226 , 236 , 246  ]
211 : [ 1 , 2 , 3  ]
221 : [ 4 , 5 , 6  ]
231 : [ 7 , 8 , 9  ]
241 : [ 10 , 11 , 12  ]
251 : [ 13 , 14 , 15  ]
261 : [ 16 , 17 , 18  ]
271 : [ 19 , 20 , 21  ]
212 : [ 22 , 23  ]
222 : [ 24 , 25  ]
232 : [ 26 , 27  ]
242 : [ 28 , 29  ]
252 : [ 30 , 31  ]
262 : [ 32 , 33  ]
272 : [ 34 , 35  ]
282 : [ 36 , 37  ]
213 : [ 38 , 39 , 40 , 41  ]
223 : [ 42 , 43 , 44 , 45  ]
233 : [ 46 , 47 , 48 , 49  ]
243 : [ 50 , 51 , 52 , 53  ]
253 : [ 54 , 55 , 56 , 57  ]
214 : [ 58 , 59  ]
224 : [ 60 , 61  ]
234 : [ 62 , 63  ]
244 : [ 64 , 65  ]
254 : [ 66 , 67  ]
264 : [ 68 , 69  ]
274 : [ 70 , 71  ]
215 : [ 72 , 73 , 74 , 75  ]
225 : [ 76 , 77 , 78 , 79  ]
235 : [ 80 , 81 , 82 , 83  ]
245 : [ 84 , 85 , 86 , 87  ]
255 : [ 88 , 89 , 90 , 91  ]
265 : [ 92 , 93 , 94 , 95  ]
216 : [ 96 , 97 , 98 , 99 , 100 , 101  ]
226 : [ 102 , 103 , 104 , 105 , 106 , 107  ]
236 : [ 108 , 109 , 110 , 111 , 112 , 113  ]
246 : [ 114 , 115 , 116 , 117 , 118 , 119  ]
